[{"id": 0, "img_name": "PXL_20241127_061556259", "width": 1600, "height": 1205, "position": [4.756591867091721, 0.28086827849105683, 1.0099571129880371], "rotation": [[0.11261071295551667, 0.10538243916358407, -0.9880351050664058], [0.15958830483734454, 0.9795330358244126, 0.12266460242365272], [0.9807397209692248, -0.17149219587066786, 0.09348810870192778]], "fy": 1159.2393483067162, "fx": 1158.7789975413016}, {"id": 1, "img_name": "PXL_20241127_061558015", "width": 1600, "height": 1205, "position": [4.7453294176068015, 0.2860538034139225, 1.0138103780199772], "rotation": [[0.1133636949925877, 0.16439197638818595, -0.9798591484273714], [0.1541834783717794, 0.9713585351178061, 0.18080390275369806], [0.9815172579505702, -0.17157469030418152, 0.0847702659675998]], "fy": 1159.2393483067162, "fx": 1158.7789975413016}, {"id": 2, "img_name": "PXL_20241127_061600442", "width": 1600, "height": 1205, "position": [4.732972632955186, 0.30068914367370503, 1.0130474174599364], "rotation": [[0.12500439368086916, 0.24504129455304327, -0.9614201295605616], [0.1594339117105758, 0.9514665774489386, 0.2632340779501531], [0.9792623393948848, -0.18618838836343046, 0.07986961050040126]], "fy": 1159.2393483067162, "fx": 1158.7789975413016}, {"id": 3, "img_name": "PXL_20241127_061603087", "width": 1600, "height": 1205, "position": [4.728236351575584, 0.315234706478647, 1.0123643010880983], "rotation": [[0.12919355924667453, 0.34367849525841065, -0.9301581135194653], [0.15733447957454655, 0.9190326291061355, 0.3614206526684255], [0.9790581626165947, -0.19303916321611703, 0.06466061922560525]], "fy": 1159.2393483067162, "fx": 1158.7789975413016}, {"id": 4, "img_name": "PXL_20241127_061605640", "width": 1600, "height": 1205, "position": [4.722351548024051, 0.32596335506943247, 1.0142402539699114], "rotation": [[0.13181046651093292, 0.43037484653607216, -0.8929745194501477], [0.1598266157478764, 0.8798211761401902, 0.4476272454999508], [0.9783053990532561, -0.20172305144515576, 0.04718428444836406]], "fy": 1159.2393483067162, "fx": 1158.7789975413016}, {"id": 5, "img_name": "PXL_20241127_061607740", "width": 1600, "height": 1205, "position": [4.722589657008251, 0.33838075351201624, 1.011477021862375], "rotation": [[0.13615700691136176, 0.5345245573966797, -0.834113161992318], [0.15349559213848082, 0.8204044044118863, 0.5507955304971484], [0.9787238490314805, -0.20302736456315873, 0.029656644711458145]], "fy": 1159.2393483067162, "fx": 1158.7789975413016}, {"id": 6, "img_name": "PXL_20241127_061611999", "width": 1600, "height": 1205, "position": [4.716525348025531, 0.3430145259981733, 1.0051498520861248], "rotation": [[0.03779769055789176, 0.5523273648614366, -0.8327699662053805], [0.17660330778136413, 0.8165556728086127, 0.5495890327187708], [0.9835561022479452, -0.1678431268455601, -0.06667892096858306]], "fy": 1159.2393483067162, "fx": 1158.7789975413016}, {"id": 7, "img_name": "PXL_20241127_061614051", "width": 1600, "height": 1205, "position": [4.722767371588564, 0.3324383460726613, 1.000821389143125], "rotation": [[0.04050266711332014, 0.45773409734606557, -0.888166105007104], [0.178366492287278, 0.8713054225264936, 0.45717858119673604], [0.9831301685869681, -0.17693602460412272, -0.0463542318612798]], "fy": 1159.2393483067162, "fx": 1158.7789975413016}, {"id": 8, "img_name": "PXL_20241127_061615719", "width": 1600, "height": 1205, "position": [4.734222158945047, 0.31210601043833475, 1.0056675729802687], "rotation": [[0.04834824789652193, 0.3374203369232195, -0.9401116758959849], [0.18165095833848044, 0.9225461631384253, 0.3404577891799242], [0.9821738014526998, -0.18723272446127334, -0.01668923697359401]], "fy": 1159.2393483067162, "fx": 1158.7789975413016}, {"id": 9, "img_name": "PXL_20241127_061617325", "width": 1600, "height": 1205, "position": [4.723781647998706, 0.3068084289820215, 0.9920407714475794], "rotation": [[0.02566938988315325, 0.24390618299542027, -0.9694590534517847], [0.17617995072886736, 0.9534954501276593, 0.24455480274782193], [0.9840232250227634, -0.1770768208503213, -0.018495732841459635]], "fy": 1159.2393483067162, "fx": 1158.7789975413016}, {"id": 10, "img_name": "PXL_20241127_061619205", "width": 1600, "height": 1205, "position": [4.738803555353147, 0.29780318037354386, 1.0055317431613056], "rotation": [[0.034136539226442504, 0.12788533174047417, -0.9912013108421871], [0.1721781731837294, 0.9761979908679174, 0.1318793361545138], [0.9844741608436226, -0.1751651350899215, 0.011304958211966984]], "fy": 1159.2393483067162, "fx": 1158.7789975413016}, {"id": 11, "img_name": "PXL_20241127_061621144", "width": 1600, "height": 1205, "position": [4.772990692354142, 0.28517347261057846, 1.0199162963876023], "rotation": [[0.04265868598485674, 0.00915444033506402, -0.9990477629884352], [0.16971207188112342, 0.985359283378516, 0.01627560498395765], [0.9845699818539367, -0.17024476168719316, 0.040480513215731706]], "fy": 1159.2393483067162, "fx": 1158.7789975413016}, {"id": 12, "img_name": "PXL_20241127_061622667", "width": 1600, "height": 1205, "position": [4.766142063207529, 0.27982009840117067, 1.0102492849480578], "rotation": [[0.035191432349038335, -0.07822783747372948, -0.9963141916751997], [0.16933105616475055, 0.982983994532549, -0.07120013982404703], [0.9849307369086178, -0.16620129944443132, 0.04783901708469074]], "fy": 1159.2393483067162, "fx": 1158.7789975413016}, {"id": 13, "img_name": "PXL_20241127_061625323", "width": 1600, "height": 1205, "position": [4.756047371479836, 0.2932004125315211, 1.0087419675367133], "rotation": [[-0.11650172822756916, -0.044944531967332245, -0.9921730375122206], [0.18115774482539682, 0.9812555907046188, -0.06572166462214687], [0.9765291694618065, -0.1873965174627506, -0.10617592209661743]], "fy": 1159.2393483067162, "fx": 1158.7789975413016}, {"id": 14, "img_name": "PXL_20241127_061627090", "width": 1600, "height": 1205, "position": [4.752113300038631, 0.3043825758105637, 1.0107484359648775], "rotation": [[-0.12638426337068884, 0.0713283892795638, -0.9894136035324316], [0.1889120120144203, 0.9808885211871736, 0.046582837181767534], [0.9738271251556471, -0.18102477699481515, -0.13744366273155545]], "fy": 1159.2393483067162, "fx": 1158.7789975413016}, {"id": 15, "img_name": "PXL_20241127_061629560", "width": 1600, "height": 1205, "position": [4.744651087876738, 0.3146631320214864, 1.004743699772984], "rotation": [[-0.10831166113160051, 0.16524735355256856, -0.9802866398185716], [0.16246547760310745, 0.9757726533327303, 0.1465356529831478], [0.9807515244189567, -0.14339121713646105, -0.13253454718682495]], "fy": 1159.2393483067162, "fx": 1158.7789975413016}, {"id": 16, "img_name": "PXL_20241127_061631053", "width": 1600, "height": 1205, "position": [4.748948754577492, 0.31877406012291964, 1.0022012288938615], "rotation": [[-0.0995818288549612, 0.2714796719300829, -0.9572785629536659], [0.1541283218799954, 0.9546574504953383, 0.25470298900522775], [0.9830197962179384, -0.12217994901977638, -0.13690924110945576]], "fy": 1159.2393483067162, "fx": 1158.7789975413016}, {"id": 17, "img_name": "PXL_20241127_061632758", "width": 1600, "height": 1205, "position": [4.737343623624696, 0.3307858411160532, 0.9953501188243735], "rotation": [[-0.10030894238019239, 0.4097587303391604, -0.9066619540873028], [0.1415261131994928, 0.9078682746271115, 0.39464611388969245], [0.984839314488009, -0.08872980804910488, -0.14905886690283598]], "fy": 1159.2393483067162, "fx": 1158.7789975413016}, {"id": 18, "img_name": "PXL_20241127_061634396", "width": 1600, "height": 1205, "position": [4.727029940010033, 0.33948206715372903, 0.991420107415152], "rotation": [[-0.10154446518391881, 0.5114631063379079, -0.8532843678667089], [0.1376038721352131, 0.8566943999936799, 0.4971316519724574], [0.9852684385302857, -0.06693426532536538, -0.15737187855981685]], "fy": 1159.2393483067162, "fx": 1158.7789975413016}, {"id": 19, "img_name": "PXL_20241127_061635961", "width": 1600, "height": 1205, "position": [4.720399740810642, 0.355693194071725, 0.991807589733434], "rotation": [[-0.1128852728356892, 0.650358339678269, -0.7511930146025967], [0.13288148161484156, 0.7591156253051599, 0.637248757755871], [0.9846823990610661, -0.027883640875636915, -0.17211355423342456]], "fy": 1159.2393483067162, "fx": 1158.7789975413016}, {"id": 20, "img_name": "PXL_20241127_061643943", "width": 1600, "height": 1205, "position": [4.695463540226065, 0.2801955422276998, 0.31920247547926056], "rotation": [[0.2330045710290877, 0.6103459538219121, -0.7570909367657038], [0.14839511085080892, 0.7470864717339581, 0.6479511515752417], [0.9610867603682444, -0.26332417360608196, 0.08350220739326013]], "fy": 1159.2393483067162, "fx": 1158.7789975413016}, {"id": 21, "img_name": "PXL_20241127_061645799", "width": 1600, "height": 1205, "position": [4.703693308956628, 0.2507276456298935, 0.32584393138610174], "rotation": [[0.2470205673367169, 0.4992002090391454, -0.8305299456418896], [0.13763120083383143, 0.8303271944364286, 0.5400133357023389], [0.9591863697268034, -0.2477012343017347, 0.13640237041823383]], "fy": 1159.2393483067162, "fx": 1158.7789975413016}, {"id": 22, "img_name": "PXL_20241127_061647231", "width": 1600, "height": 1205, "position": [4.705002118366128, 0.23203450710217763, 0.3121735172185076], "rotation": [[0.25453781221896454, 0.3792733636246484, -0.889585419055207], [0.13215555633632464, 0.8976117986763376, 0.4205091768397772], [0.9579902980094419, -0.22459914185471785, 0.17835306108364]], "fy": 1159.2393483067162, "fx": 1158.7789975413016}, {"id": 23, "img_name": "PXL_20241127_061648751", "width": 1600, "height": 1205, "position": [4.708887851594929, 0.21378988241773822, 0.3156347624369425], "rotation": [[0.2664656489288878, 0.28280417360756066, -0.9214216501314975], [0.13791645697829277, 0.9349610812377662, 0.3268437355453853], [0.9539261548125522, -0.21417183745967103, 0.21013166159264712]], "fy": 1159.2393483067162, "fx": 1158.7789975413016}, {"id": 24, "img_name": "PXL_20241127_061650268", "width": 1600, "height": 1205, "position": [4.725313567040324, 0.1965722646070323, 0.31836927116044433], "rotation": [[0.2732091032034145, 0.1517452856121444, -0.9499106032786845], [0.14141077159827614, 0.9704160341869629, 0.19569290806983067], [0.9515039566931741, -0.18779267527604943, 0.24366807650962005]], "fy": 1159.2393483067162, "fx": 1158.7789975413016}, {"id": 25, "img_name": "PXL_20241127_061652341", "width": 1600, "height": 1205, "position": [4.741382848235741, 0.17752003414176973, 0.3134187651119549], "rotation": [[0.27586302202975316, 0.02198755024753251, -0.9609454410687029], [0.13494659442818024, 0.9889506435261369, 0.06136808064030931], [0.9516769460950748, -0.14660549888510838, 0.26984776813566624]], "fy": 1159.2393483067162, "fx": 1158.7789975413016}, {"id": 26, "img_name": "PXL_20241127_061654651", "width": 1600, "height": 1205, "position": [4.747840551960805, 0.17446323221686347, 0.31138176541186185], "rotation": [[0.2798790134799466, -0.09781945285608214, -0.9550387910741784], [0.13677970402078693, 0.9887101707604979, -0.06118423655430348], [0.9502415747490094, -0.1135057394041542, 0.29009894301916783]], "fy": 1159.2393483067162, "fx": 1158.7789975413016}, {"id": 27, "img_name": "PXL_20241127_061657978", "width": 1600, "height": 1205, "position": [4.724570679585713, 0.18538542230967894, 0.3149967981926558], "rotation": [[0.059555116379369624, -0.029191345985458687, -0.9977981025400865], [0.16863062345419963, 0.9855006482514312, -0.01876659610736088], [0.9838784990772426, -0.1671416692975337, 0.06361416067155332]], "fy": 1159.2393483067162, "fx": 1158.7789975413016}, {"id": 28, "img_name": "PXL_20241127_061659790", "width": 1600, "height": 1205, "position": [4.71624709079109, 0.1980256588034429, 0.30577554501760346], "rotation": [[0.05377732433419832, 0.14706327899866578, -0.9876641085701224], [0.17737671552969983, 0.9719585793030495, 0.1543827092231943], [0.9826726312334898, -0.1834909046502251, 0.026183730354775444]], "fy": 1159.2393483067162, "fx": 1158.7789975413016}, {"id": 29, "img_name": "PXL_20241127_061701186", "width": 1600, "height": 1205, "position": [4.701284028658304, 0.20859466940228358, 0.30842298401918156], "rotation": [[0.05707319200544148, 0.2825934775058074, -0.9575403789007984], [0.1714559267163401, 0.9420799825984136, 0.2882501892127974], [0.9835372468534941, -0.18062733142729864, 0.005315185161570795]], "fy": 1159.2393483067162, "fx": 1158.7789975413016}, {"id": 30, "img_name": "PXL_20241127_061702628", "width": 1600, "height": 1205, "position": [4.679111575460223, 0.2235651685557621, 0.298656205908346], "rotation": [[0.05648751803863039, 0.46455097029393083, -0.8837429243308274], [0.16597977373550327, 0.8684693334100801, 0.4671313858401746], [0.9845099669462702, -0.1730705432048399, -0.02804838780099596]], "fy": 1159.2393483067162, "fx": 1158.7789975413016}, {"id": 31, "img_name": "PXL_20241127_061704180", "width": 1600, "height": 1205, "position": [4.670231886127492, 0.23707764824964908, 0.2928015487506499], "rotation": [[0.05153694395422526, 0.6075257858459774, -0.7926262441656134], [0.17238736568646443, 0.7763552545087075, 0.6062632389881489], [0.9836801002152785, -0.16788370477490575, -0.0647187925684036]], "fy": 1159.2393483067162, "fx": 1158.7789975413016}, {"id": 32, "img_name": "PXL_20241127_061709070", "width": 1600, "height": 1205, "position": [4.397384365570946, 0.05436890671626495, -0.6661935396628759], "rotation": [[0.5424919342253374, 0.36013388452191586, -0.7589506482766893], [0.1368642428902345, 0.8534860019185037, 0.5028218606497243], [0.828836944349451, -0.3766500096220937, 0.41371982057080786]], "fy": 1159.2393483067162, "fx": 1158.7789975413016}, {"id": 33, "img_name": "PXL_20241127_061711297", "width": 1600, "height": 1205, "position": [4.4174795830172435, 0.04061046847570063, -0.6575100345952689], "rotation": [[0.5508675842128398, 0.23096787178020056, -0.8019967249738835], [0.1458260989176379, 0.9195245998921492, 0.3649784364419991], [0.8217540103570978, -0.31800684332024665, 0.4728551512498504]], "fy": 1159.2393483067162, "fx": 1158.7789975413016}, {"id": 34, "img_name": "PXL_20241127_061712829", "width": 1600, "height": 1205, "position": [4.416826530546246, 0.03206394682546486, -0.6682071707264949], "rotation": [[0.5747997124921853, 0.14392012377031585, -0.8055385083860597], [0.1366427313742764, 0.9537089613730835, 0.2678954664776012], [0.8068048428718547, -0.2640572191223167, 0.5285259979867694]], "fy": 1159.2393483067162, "fx": 1158.7789975413016}, {"id": 35, "img_name": "PXL_20241127_061714575", "width": 1600, "height": 1205, "position": [4.415076708601618, 0.01849717102307208, -0.658830053000329], "rotation": [[0.5839091830323963, 0.054889471052995076, -0.8099612410096928], [0.13140987016608194, 0.9781631154542473, 0.16102287287144734], [0.8011126712225772, -0.20045963566853858, 0.5639454073527541]], "fy": 1159.2393483067162, "fx": 1158.7789975413016}, {"id": 36, "img_name": "PXL_20241127_061716387", "width": 1600, "height": 1205, "position": [4.441090048505221, 0.0028907394528772893, -0.6728843404951018], "rotation": [[0.6027691575586623, -0.0739720607272648, -0.7944793747655015], [0.12765942204702865, 0.9918078099838255, 0.00450999087656837], [0.7876372354444899, -0.10414126121211499, 0.6072743886041226]], "fy": 1159.2393483067162, "fx": 1158.7789975413016}, {"id": 37, "img_name": "PXL_20241127_061717996", "width": 1600, "height": 1205, "position": [4.443698286126135, 0.0026590522841792334, -0.6916984688132335], "rotation": [[0.46922966847762104, -0.06496245767118387, -0.8806834830480819], [0.14811313813527832, 0.9889524271911769, 0.005966159937495332], [0.8705664917351814, -0.133240293627714, 0.4736676130177139]], "fy": 1159.2393483067162, "fx": 1158.7789975413016}, {"id": 38, "img_name": "PXL_20241127_061719812", "width": 1600, "height": 1205, "position": [4.449447857587392, 0.018085536136799262, -0.678941651048824], "rotation": [[0.4438539127015502, 0.07398364808842389, -0.8930398221776299], [0.14898656817527278, 0.9766224816801969, 0.1549565448123063], [0.8836270178547504, -0.2018290070637562, 0.42245513989627215]], "fy": 1159.2393483067162, "fx": 1158.7789975413016}, {"id": 39, "img_name": "PXL_20241127_061721335", "width": 1600, "height": 1205, "position": [4.432499892602413, 0.029873371657972707, -0.6771904494438267], "rotation": [[0.4506214366960816, 0.20203050940404882, -0.8695539052065144], [0.14397992636834006, 0.9448554348267924, 0.2941394024629149], [0.8810278665246216, -0.2577438273717022, 0.3966837756435969]], "fy": 1159.2393483067162, "fx": 1158.7789975413016}, {"id": 40, "img_name": "PXL_20241127_061723031", "width": 1600, "height": 1205, "position": [4.3992017115030615, 0.045629666061366835, -0.6739986705665256], "rotation": [[0.44948378655711596, 0.3443965618008341, -0.8242301461618843], [0.13980221224511624, 0.8842012780822188, 0.44569433616453147], [0.8822809456594018, -0.3155615756988407, 0.34928673732166865]], "fy": 1159.2393483067162, "fx": 1158.7789975413016}, {"id": 41, "img_name": "PXL_20241127_061724817", "width": 1600, "height": 1205, "position": [4.366854428917414, 0.06887495676591966, -0.6573290682148013], "rotation": [[0.44875721984631595, 0.48934097144091954, -0.7477716037033383], [0.150678207099954, 0.7833458958877991, 0.6030466692561072], [0.8808592597804422, -0.3832944312992277, 0.2777991061793628]], "fy": 1159.2393483067162, "fx": 1158.7789975413016}, {"id": 42, "img_name": "PXL_20241127_061726697", "width": 1600, "height": 1205, "position": [4.365869658209017, 0.06915930030955945, -0.6657292946819036], "rotation": [[0.27869853211202117, 0.46960012709527443, -0.8377367419605677], [0.2271835801262609, 0.815303621980315, 0.5326045671103417], [0.9331209723929795, -0.33875614329172204, 0.12053848457027638]], "fy": 1159.2393483067162, "fx": 1158.7789975413016}, {"id": 43, "img_name": "PXL_20241127_061728300", "width": 1600, "height": 1205, "position": [4.3829165729981225, 0.054737414035706, -0.6763755082304579], "rotation": [[0.26619655420480065, 0.3697014516601548, -0.8902023540576968], [0.21534820418070033, 0.8773725548777705, 0.4287686449629927], [0.9395555042069832, -0.3058402141439671, 0.15393900716431255]], "fy": 1159.2393483067162, "fx": 1158.7789975413016}, {"id": 44, "img_name": "PXL_20241127_061729935", "width": 1600, "height": 1205, "position": [4.381185724865791, 0.0418572719010715, -0.680637181798354], "rotation": [[0.27332061246508416, 0.22551366492364497, -0.9351146612765825], [0.1909989336203546, 0.9400510567755571, 0.28253038422627363], [0.9427699879385207, -0.255827280773307, 0.21386246106911067]], "fy": 1159.2393483067162, "fx": 1158.7789975413016}, {"id": 45, "img_name": "PXL_20241127_061731530", "width": 1600, "height": 1205, "position": [4.404829302230445, 0.018599583030527733, -0.6948411479305148], "rotation": [[0.28475330879386335, 0.08892893459201298, -0.9544669704726696], [0.18345735904869662, 0.9722276872129823, 0.14531593727933934], [0.9408820067053169, -0.21648318366289965, 0.2605303833516369]], "fy": 1159.2393483067162, "fx": 1158.7789975413016}, {"id": 46, "img_name": "PXL_20241127_061733107", "width": 1600, "height": 1205, "position": [4.429916860339823, 0.004400495475895, -0.6949359047360852], "rotation": [[0.30445146208704166, -0.05133135133002657, -0.9511437323578892], [0.17033129904471642, 0.9853859384222383, 0.0013419856422382478], [0.9371747733474274, -0.16241811700163858, 0.30874552542642625]], "fy": 1159.2393483067162, "fx": 1158.7789975413016}, {"id": 47, "img_name": "PXL_20241127_061740280", "width": 1600, "height": 1205, "position": [3.4423399715773693, -0.16801384679990922, -1.2725709815906754], "rotation": [[0.48041323440668143, 0.032581820010773775, -0.8764368483876612], [0.15576037941331733, 0.9802543108194817, 0.121820319835576], [0.8631001265275834, -0.19503822990533967, 0.4658521873550252]], "fy": 1159.2393483067162, "fx": 1158.7789975413016}, {"id": 48, "img_name": "PXL_20241127_061741723", "width": 1600, "height": 1205, "position": [3.4343506593795072, -0.1384976599958286, -1.263268759352869], "rotation": [[0.5241422660199948, 0.1992930832634973, -0.8279837872414856], [0.14723539995387722, 0.9363876081102996, 0.31859062192395726], [0.8388066654312223, -0.28889533457776856, 0.4614573259656329]], "fy": 1159.2393483067162, "fx": 1158.7789975413016}, {"id": 49, "img_name": "PXL_20241127_061743206", "width": 1600, "height": 1205, "position": [3.4100319368142418, -0.10046450530660772, -1.232339106630582], "rotation": [[0.5429564876843663, 0.35116702229211794, -0.7628105760514492], [0.14612508736531457, 0.8549999841501569, 0.4976168063336592], [0.8269496425562659, -0.381650035448339, 0.412913476552105]], "fy": 1159.2393483067162, "fx": 1158.7789975413016}, {"id": 50, "img_name": "PXL_20241127_061744508", "width": 1600, "height": 1205, "position": [3.382591091258619, -0.06876302031795921, -1.2093798972157965], "rotation": [[0.5591380205918888, 0.498573695093511, -0.6624114616229002], [0.15042966879317662, 0.7247059840194058, 0.6724374703072696], [0.8153131844115853, -0.4756316928961605, 0.33021039359380044]], "fy": 1159.2393483067162, "fx": 1158.7789975413016}, {"id": 51, "img_name": "PXL_20241127_061745989", "width": 1600, "height": 1205, "position": [3.4001439538930294, -0.07160288116832911, -1.2200591129950549], "rotation": [[0.7379937079066966, 0.3925537058686448, -0.5488778325810934], [0.09839736983810443, 0.7420904517888651, 0.6630382484990901], [0.6675951203379699, -0.5433261905822242, 0.5090318319401448]], "fy": 1159.2393483067162, "fx": 1158.7789975413016}, {"id": 52, "img_name": "PXL_20241127_061747583", "width": 1600, "height": 1205, "position": [3.4219987616147263, -0.08605474363665398, -1.2094309900128095], "rotation": [[0.7555376075539179, 0.26472454137107027, -0.5992360476202836], [0.1023167577763368, 0.8558075500429148, 0.5070746674481801], [0.6470658425924217, -0.4444258706302104, 0.6195090321090879]], "fy": 1159.2393483067162, "fx": 1158.7789975413016}, {"id": 53, "img_name": "PXL_20241127_061749112", "width": 1600, "height": 1205, "position": [3.4246991511643925, -0.10507698626987655, -1.1932963556246456], "rotation": [[0.7651234102958187, 0.1541759915150059, -0.6251527258659769], [0.10186310038786349, 0.9296992313621987, 0.3539537370673023], [0.6357751770843751, -0.33449828526451636, 0.6956298019481553]], "fy": 1159.2393483067162, "fx": 1158.7789975413016}, {"id": 54, "img_name": "PXL_20241127_061750621", "width": 1600, "height": 1205, "position": [3.432547156077323, -0.12335250346995774, -1.2029543287619342], "rotation": [[0.7745020488972312, 0.049207775747083585, -0.6306545576304159], [0.09157130817131454, 0.977746804285488, 0.1887481979498341], [0.625908357328599, -0.2039357288842255, 0.7527608828244696]], "fy": 1159.2393483067162, "fx": 1158.7789975413016}, {"id": 55, "img_name": "PXL_20241127_061752401", "width": 1600, "height": 1205, "position": [3.464691902886827, -0.14182709878628547, -1.217470027874091], "rotation": [[0.78860419831353, -0.06108810375271393, -0.6118591847657207], [0.07482652819787283, 0.9971916897579327, -0.00311842196818384], [0.6103313928351772, -0.043324097885776756, 0.7909605637844762]], "fy": 1159.2393483067162, "fx": 1158.7789975413016}, {"id": 56, "img_name": "PXL_20241127_061754213", "width": 1600, "height": 1205, "position": [3.4632591124593057, -0.13940935112241623, -1.2356183092116917], "rotation": [[0.8838597211316199, 0.0013604562236853516, -0.4677500855371367], [0.03615285294731476, 0.996805696394217, 0.07121358620242516], [0.46635283271886, -0.07985332050017607, 0.8809872204636064]], "fy": 1159.2393483067162, "fx": 1158.7789975413016}, {"id": 57, "img_name": "PXL_20241127_061755842", "width": 1600, "height": 1205, "position": [3.4456745816202523, -0.12699540839280662, -1.2227394507843456], "rotation": [[0.8939190532830393, 0.09184308991964393, -0.4387181019875595], [0.020761769161348562, 0.9692476629921737, 0.24520994418151268], [0.4477473340164577, -0.2283064051186955, 0.8645221282667858]], "fy": 1159.2393483067162, "fx": 1158.7789975413016}, {"id": 58, "img_name": "PXL_20241127_061757297", "width": 1600, "height": 1205, "position": [3.443465613303408, -0.09531868372742838, -1.1844705395169508], "rotation": [[0.879844747875821, 0.189528834738861, -0.4358348774913069], [0.026296268489212946, 0.8962241981989062, 0.44282128768417495], [0.4745331662791087, -0.40107481517200394, 0.7835542525797857]], "fy": 1159.2393483067162, "fx": 1158.7789975413016}, {"id": 59, "img_name": "PXL_20241127_061758799", "width": 1600, "height": 1205, "position": [3.4403784966413915, -0.07277747727578526, -1.1658525348601563], "rotation": [[0.8697455230971302, 0.2692160384645001, -0.41360059197972704], [0.052874399887760694, 0.7824362867806101, 0.6204818731965344], [0.490659783239883, -0.5615302144697575, 0.6662858210622068]], "fy": 1159.2393483067162, "fx": 1158.7789975413016}, {"id": 60, "img_name": "PXL_20241127_061800298", "width": 1600, "height": 1205, "position": [3.4531856307766002, -0.05497559450511798, -1.1520869153662385], "rotation": [[0.8674698399810001, 0.33714143429477017, -0.36583019285592466], [0.06832860218939807, 0.6476410441128729, 0.7588756684090159], [0.4927750793680428, -0.6832984203567669, 0.5387726699562313]], "fy": 1159.2393483067162, "fx": 1158.7789975413016}, {"id": 61, "img_name": "PXL_20241127_061807086", "width": 1600, "height": 1205, "position": [3.4260478636165455, -0.0603288400295482, -1.161764958540511], "rotation": [[0.7619106328319105, 0.3554803612842779, -0.5414110271493154], [0.1441658114001344, 0.7218695506475836, 0.6768460465062912], [0.6314336120298145, -0.5937491596533464, 0.4987519714346265]], "fy": 1159.2393483067162, "fx": 1158.7789975413016}, {"id": 62, "img_name": "PXL_20241127_061808955", "width": 1600, "height": 1205, "position": [3.417305492593556, -0.076099176733933, -1.191730926505132], "rotation": [[0.614348015140586, 0.33136657142128567, -0.7160814979018272], [0.19912871477855124, 0.8130518274497408, 0.5470781304633547], [0.7634947748632367, -0.4786887519308752, 0.43351217691247884]], "fy": 1159.2393483067162, "fx": 1158.7789975413016}, {"id": 63, "img_name": "PXL_20241127_061810519", "width": 1600, "height": 1205, "position": [3.4163503344410024, -0.10102796687361756, -1.2039443477975955], "rotation": [[0.5581282340405422, 0.20453635115275667, -0.8041503313584479], [0.19037801440627874, 0.9117223232505522, 0.36403106586847533], [0.8076193942678125, -0.356268559297241, 0.4699187458048039]], "fy": 1159.2393483067162, "fx": 1158.7789975413016}, {"id": 64, "img_name": "PXL_20241127_061812419", "width": 1600, "height": 1205, "position": [3.4255144248463663, -0.1210308377161163, -1.2222295511859929], "rotation": [[0.4263120430562815, 0.11170064215675936, -0.8976530557442258], [0.19750986866678594, 0.9569085494038267, 0.21287526830774114], [0.8827501876093868, -0.26804662769680837, 0.38587965955199094]], "fy": 1159.2393483067162, "fx": 1158.7789975413016}, {"id": 65, "img_name": "PXL_20241127_061813641", "width": 1600, "height": 1205, "position": [3.4187992907398317, -0.12144807572357376, -1.2053910989761243], "rotation": [[0.44129823999096, 0.013200608268524485, -0.8972633990764486], [0.1828134825696048, 0.9776000005732017, 0.10429510760361194], [0.8785414583112477, -0.21005709419254845, 0.4289999104985092]], "fy": 1159.2393483067162, "fx": 1158.7789975413016}, {"id": 66, "img_name": "PXL_20241127_061817461", "width": 1600, "height": 1205, "position": [2.3306031032196564, -0.25517530102565783, -1.6125635607990947], "rotation": [[0.7031066304449259, -0.033814736137235575, -0.7102799658193601], [0.15894248289149715, 0.9810698733793669, 0.11063087579730609], [0.6930933222565836, -0.1906789636204318, 0.69517133102277]], "fy": 1159.2393483067162, "fx": 1158.7789975413016}, {"id": 67, "img_name": "PXL_20241127_061818971", "width": 1600, "height": 1205, "position": [2.3326784687021256, -0.24862221217641886, -1.6407098841274321], "rotation": [[0.7097135325293291, 0.049506322880721015, -0.7027487643102411], [0.16049293623268276, 0.9599355878115199, 0.2297078245780147], [0.6859655378837576, -0.2758129642489304, 0.6733338619051217]], "fy": 1159.2393483067162, "fx": 1158.7789975413016}, {"id": 68, "img_name": "PXL_20241127_061820393", "width": 1600, "height": 1205, "position": [2.320318485064536, -0.2188775404568037, -1.6199000534897279], "rotation": [[0.7492877503371775, 0.16448636532370975, -0.6414920910013205], [0.15067529808525917, 0.9009149902468757, 0.4070001657191188], [0.644875818853188, -0.40161725058949715, 0.6502605341610109]], "fy": 1159.2393483067162, "fx": 1158.7789975413016}, {"id": 69, "img_name": "PXL_20241127_061821737", "width": 1600, "height": 1205, "position": [2.3221513680350596, -0.1907886717527786, -1.587965356552009], "rotation": [[0.7858302079936134, 0.26244073454927164, -0.559996200928143], [0.1425056693705536, 0.8042863639534629, 0.5769017064940684], [0.6017998158872805, -0.5331494214643363, 0.5946332281249331]], "fy": 1159.2393483067162, "fx": 1158.7789975413016}, {"id": 70, "img_name": "PXL_20241127_061823213", "width": 1600, "height": 1205, "position": [2.3156431836951836, -0.17438616944650046, -1.5771495901246082], "rotation": [[0.8423795476585391, 0.30369655156713304, -0.44515739042817953], [0.12442965030974326, 0.6941312540587457, 0.7090127391398745], [0.5243223815653781, -0.6526486089045657, 0.5469331160978874]], "fy": 1159.2393483067162, "fx": 1158.7789975413016}, {"id": 71, "img_name": "PXL_20241127_061824797", "width": 1600, "height": 1205, "position": [2.3334715639557473, -0.1818758888426114, -1.5792685627413796], "rotation": [[0.9361078863594153, 0.20254807113128814, -0.28753487436605407], [0.054106755239064, 0.7248620307627409, 0.6867659684317613], [0.34752623517255204, -0.6584446182022522, 0.6675898446106578]], "fy": 1159.2393483067162, "fx": 1158.7789975413016}, {"id": 72, "img_name": "PXL_20241127_061826342", "width": 1600, "height": 1205, "position": [2.3497932653222975, -0.1911404518609129, -1.5735629059728793], "rotation": [[0.9551193806298551, 0.12480604204844814, -0.2686455296732911], [0.04742495563454103, 0.8307832802957662, 0.5545719202809211], [0.2924001407802396, -0.5424228913395962, 0.7875782911066611]], "fy": 1159.2393483067162, "fx": 1158.7789975413016}, {"id": 73, "img_name": "PXL_20241127_061828029", "width": 1600, "height": 1205, "position": [2.363515526675105, -0.21767169772461234, -1.5763309692469925], "rotation": [[0.9652883957706594, 0.07079019494989913, -0.25141014555793467], [0.034051581047900036, 0.9202456875845484, 0.38985685104943363], [0.2589571447530361, -0.38488520727743913, 0.8858919654226229]], "fy": 1159.2393483067162, "fx": 1158.7789975413016}, {"id": 74, "img_name": "PXL_20241127_061829438", "width": 1600, "height": 1205, "position": [2.3875348066487283, -0.24883857579049679, -1.601964560545945], "rotation": [[0.9844080828106273, 0.026183591483445318, -0.17394006448812438], [0.004630719411417908, 0.9846586352618869, 0.17443029680055885], [0.17583879815000314, -0.17251606169057535, 0.96918467049574]], "fy": 1159.2393483067162, "fx": 1158.7789975413016}, {"id": 75, "img_name": "PXL_20241127_061830947", "width": 1600, "height": 1205, "position": [2.1722999992759537, -0.2569224527257625, -1.6410002809575746], "rotation": [[0.9966354362748889, 0.02353358492710546, 0.07851100267886191], [-0.04297103942385788, 0.9657184349554336, 0.25601053524818324], [-0.06979467696031552, -0.25852287087936093, 0.9634804763461989]], "fy": 1159.2393483067162, "fx": 1158.7789975413016}, {"id": 76, "img_name": "PXL_20241127_061832482", "width": 1600, "height": 1205, "position": [2.4002396945967694, -0.2149663209208677, -1.5730044386418511], "rotation": [[0.999812014016909, 0.014026608337732787, 0.013386220003867898], [-0.0184708419382023, 0.8989860102413332, 0.4375876842285024], [-0.00589615345340123, -0.4377526786313357, 0.8990760967379482]], "fy": 1159.2393483067162, "fx": 1158.7789975413016}, {"id": 77, "img_name": "PXL_20241127_061833829", "width": 1600, "height": 1205, "position": [2.385852296138969, -0.19294459909907805, -1.5461938313564447], "rotation": [[0.999461019714635, 0.03282782370624252, -6.373142171304188e-05], [-0.025840624024122138, 0.787926302013651, 0.6152271163929114], [0.02024678297967887, -0.6148938742464466, 0.788349916720468]], "fy": 1159.2393483067162, "fx": 1158.7789975413016}, {"id": 78, "img_name": "PXL_20241127_061835497", "width": 1600, "height": 1205, "position": [2.404381513811153, -0.1774581185220203, -1.5545890261705635], "rotation": [[0.9993940019070405, 0.03063861786574734, -0.01651980773214266], [-0.00806916150688373, 0.6655859550150441, 0.7462775791347931], [0.033860265574949026, -0.7456920353483657, 0.665429839151511]], "fy": 1159.2393483067162, "fx": 1158.7789975413016}, {"id": 79, "img_name": "PXL_20241127_061836958", "width": 1600, "height": 1205, "position": [2.400758407337288, -0.15503025960783245, -1.5559026660869508], "rotation": [[0.9876310700624852, 0.11053358878589505, -0.11120789179433849], [0.0368438610280021, 0.5257936772943358, 0.8498138259771071], [0.15240537835581758, -0.8433998664141527, 0.51521768795414]], "fy": 1159.2393483067162, "fx": 1158.7789975413016}, {"id": 80, "img_name": "PXL_20241127_061838630", "width": 1600, "height": 1205, "position": [2.3521806530810667, -0.17569210253498002, -1.5733680781471175], "rotation": [[0.8748404628520416, 0.21930853710591167, -0.43192352344980073], [0.15148136488138414, 0.7230730404243244, 0.6739575463671258], [0.4601168988968982, -0.6550336966629953, 0.5993523968297058]], "fy": 1159.2393483067162, "fx": 1158.7789975413016}, {"id": 81, "img_name": "PXL_20241127_061840138", "width": 1600, "height": 1205, "position": [2.341113023112711, -0.22751281634965417, -1.6027956835401442], "rotation": [[0.806526375038967, 0.14864090689181034, -0.5722072064950631], [0.15310874821247844, 0.8823398644291739, 0.445010196354999], [0.5710279481665599, -0.4465223896261946, 0.6888721492230625]], "fy": 1159.2393483067162, "fx": 1158.7789975413016}, {"id": 82, "img_name": "PXL_20241127_061841964", "width": 1600, "height": 1205, "position": [2.388124276232845, -0.29807063208211704, -1.6632643824478717], "rotation": [[0.752011648201212, -0.0614704141363152, -0.6562772806943773], [0.15940296700635412, 0.9830494798261958, 0.09057822212329338], [0.639585158582708, -0.17272842383161896, 0.7490632259838796]], "fy": 1159.2393483067162, "fx": 1158.7789975413016}, {"id": 83, "img_name": "PXL_20241127_061843412", "width": 1600, "height": 1205, "position": [2.362790189163158, -0.26640376216515566, -1.6572829945233931], "rotation": [[0.5925346591463482, 0.047642145300180586, -0.8041348790479852], [0.18397668973244152, 0.9638623718313742, 0.1926704590815385], [0.7842545857981412, -0.26210599794509537, 0.5623568177730146]], "fy": 1159.2393483067162, "fx": 1158.7789975413016}, {"id": 84, "img_name": "PXL_20241127_061844703", "width": 1600, "height": 1205, "position": [2.3423401123997025, -0.258254156021954, -1.6524700523188671], "rotation": [[0.565760858919578, 0.1668760284621781, -0.8075066821019327], [0.20388721377545088, 0.920586107187861, 0.3330934152930427], [0.7989647392554096, -0.3530915042554693, 0.48680769822296877]], "fy": 1159.2393483067162, "fx": 1158.7789975413016}, {"id": 85, "img_name": "PXL_20241127_061846385", "width": 1600, "height": 1205, "position": [2.3230575708498966, -0.2344793755105924, -1.646971172792956], "rotation": [[0.5419534120331821, 0.3375985658354847, -0.769619196441601], [0.20429859303415654, 0.8353740149616863, 0.5103061238228054], [0.8151984936626514, -0.4337942639922942, 0.383762885721806]], "fy": 1159.2393483067162, "fx": 1158.7789975413016}, {"id": 86, "img_name": "PXL_20241127_061848366", "width": 1600, "height": 1205, "position": [2.3072303744513563, -0.20971278868081467, -1.653019853083289], "rotation": [[0.5215651570778881, 0.4339005359494405, -0.7346428464397552], [0.16463970274462342, 0.7936677358770876, 0.5856494628255876], [0.8371759404106639, -0.4264057339325137, 0.3425121820709364]], "fy": 1159.2393483067162, "fx": 1158.7789975413016}, {"id": 87, "img_name": "PXL_20241127_061850207", "width": 1600, "height": 1205, "position": [2.294472737629995, -0.22442754161406503, -1.6921029941274635], "rotation": [[0.3226086537007343, 0.401517754415382, -0.8571505990469984], [0.22808054222508684, 0.8459096497163897, 0.48209556187026376], [0.9186418904098103, -0.35102757356926223, 0.1813193861074046]], "fy": 1159.2393483067162, "fx": 1158.7789975413016}, {"id": 88, "img_name": "PXL_20241127_061851869", "width": 1600, "height": 1205, "position": [2.3235071627073145, -0.2431973781634686, -1.695688187113642], "rotation": [[0.32445708168142373, 0.21956784633664903, -0.9200638907173019], [0.2229720134759941, 0.92752183248343, 0.29997788497327754], [0.9192448440721519, -0.30247844736718926, 0.25198354217110985]], "fy": 1159.2393483067162, "fx": 1158.7789975413016}, {"id": 89, "img_name": "PXL_20241127_061853587", "width": 1600, "height": 1205, "position": [2.3432366603779347, -0.25892412991920927, -1.6921536634866128], "rotation": [[0.3583358659525541, -0.01110808390488195, -0.9335266560971867], [0.2012455000967557, 0.9773404695532849, 0.06561901602562689], [0.9116444788747637, -0.211381685690428, 0.3524515953884069]], "fy": 1159.2393483067162, "fx": 1158.7789975413016}, {"id": 90, "img_name": "PXL_20241127_061857112", "width": 1600, "height": 1205, "position": [1.265027100215827, -0.35958431707158944, -2.110268463778336], "rotation": [[0.737813636023612, 0.04465643300578038, -0.673525679903014], [0.169213765361743, 0.9537113896122071, 0.24859864628765407], [0.6534506409130826, -0.2973892874922589, 0.6961047849103813]], "fy": 1159.2393483067162, "fx": 1158.7789975413016}, {"id": 91, "img_name": "PXL_20241127_061858637", "width": 1600, "height": 1205, "position": [1.3312729087373036, -0.4086429097765138, -2.1712008574683606], "rotation": [[0.7007094713228968, -0.14868519813195163, -0.697781447628732], [0.16794645633269342, 0.9849339047618492, -0.04122124520034661], [0.693397594893202, -0.08830580449233603, 0.7151236678290576]], "fy": 1159.2393483067162, "fx": 1158.7789975413016}, {"id": 92, "img_name": "PXL_20241127_061902023", "width": 1600, "height": 1205, "position": [1.3288875759778418, -0.3702636954183366, -2.1103781932629473], "rotation": [[0.7157736833023087, 0.08721595461236178, -0.6928646415808072], [0.19858098259670148, 0.9257892692738288, 0.32168279756362234], [0.6695025225066554, -0.367841822198733, 0.6453361652648495]], "fy": 1159.2393483067162, "fx": 1158.7789975413016}, {"id": 93, "img_name": "PXL_20241127_061903498", "width": 1600, "height": 1205, "position": [1.3170913864361464, -0.32629627011310514, -2.096433294588951], "rotation": [[0.7607600556413346, 0.21176227797972036, -0.6135151794091431], [0.21712447297929, 0.8077748316551074, 0.5480481589952002], [0.6116380473564891, -0.5501423079253243, 0.5685440528723686]], "fy": 1159.2393483067162, "fx": 1158.7789975413016}, {"id": 94, "img_name": "PXL_20241127_061904849", "width": 1600, "height": 1205, "position": [1.3521948138788382, -0.29576477789958666, -2.070657025856407], "rotation": [[0.9147250581365033, 0.15986052020931704, -0.371110067359506], [0.14148618346368969, 0.7335622226772297, 0.6647316190386325], [0.3784966682892331, -0.6605536159459345, 0.6483896918942352]], "fy": 1159.2393483067162, "fx": 1158.7789975413016}, {"id": 95, "img_name": "PXL_20241127_061906704", "width": 1600, "height": 1205, "position": [1.4101301816679779, -0.28185452107628783, -2.048867857938948], "rotation": [[0.9769859208442111, 0.11172118111811834, -0.18170549843568692], [0.04174732536761347, 0.7352366769292857, 0.676523606182838], [0.20917856318666941, -0.6685397569236654, 0.7136518213496039]], "fy": 1159.2393483067162, "fx": 1158.7789975413016}, {"id": 96, "img_name": "PXL_20241127_061908155", "width": 1600, "height": 1205, "position": [1.432455972612433, -0.3117839165493193, -2.0342108962075907], "rotation": [[0.9975719706460592, 0.006050128257809876, -0.06937981932379404], [0.032108835745635285, 0.8440646899058901, 0.5352791999705699], [0.0617995634968247