[{"id": 0, "img_name": "frame_color_1", "width": 1269, "height": 713, "position": [1.0641482005921363, -0.44123353084867334, 5.123271622595656], "rotation": [[0.7508786771178592, 0.37391613611801167, -0.5443968546936235], [-0.11524821446364668, 0.8858308408429566, 0.4494680972821119], [0.6503068977895552, -0.274755244830808, 0.7082446569691069]], "fy": 903.3400688338761, "fx": 903.3400688338761}, {"id": 1, "img_name": "frame_color_10", "width": 1269, "height": 713, "position": [1.0636338520206003, -0.5419380694655644, 5.072541503973304], "rotation": [[0.5251902896885707, -0.5991961593278065, -0.604267426114995], [-0.06787441383212164, 0.6783229262901359, -0.7316222191924824], [0.8482736725631537, 0.425255182585695, 0.3155785260758821]], "fy": 901.7440050781762, "fx": 901.7440050781762}, {"id": 2, "img_name": "frame_color_100", "width": 1274, "height": 716, "position": [1.7436751316000199, -0.38356006620399585, 4.592400491188117], "rotation": [[-0.9431112474950138, -0.23470622407727643, -0.23548707656214646], [-0.280267436896058, 0.9422538549939982, 0.18332440253458884], [0.1788612273918332, 0.23889466534089268, -0.9544307204860653]], "fy": 915.1754124707431, "fx": 915.1754124707431}, {"id": 3, "img_name": "frame_color_1000", "width": 1280, "height": 719, "position": [-2.8476877274285575, -0.3725072286721856, -2.9523679894558534], "rotation": [[0.15572165049634548, -0.9395229776023454, -0.305036624233742], [-0.16416740441108824, 0.2798939153960518, -0.9458902999043779], [0.9740635661473127, 0.19737266954036692, -0.11065350614819641]], "fy": 901.3174315600667, "fx": 901.3174315600668}, {"id": 4, "img_name": "frame_color_1001", "width": 1266, "height": 711, "position": [-2.814517786957935, -0.384506489750221, -2.9610746581709644], "rotation": [[0.14874540231566885, -0.9888754220397467, -0.0004527423804033703], [-0.18110818516648367, -0.026791969006640194, -0.98309817193526], [0.9721494898191598, 0.1463133284511716, -0.18307861525008076]], "fy": 895.9133278420469, "fx": 895.9133278420469}, {"id": 5, "img_name": "frame_color_1002", "width": 1273, "height": 715, "position": [-3.9004385065632805, -0.5661764702895291, -2.428089851615753], "rotation": [[0.6012720038299308, -0.6739084098160917, 0.42932439086253416], [0.5355775747492799, -0.058835392494205836, -0.842434008107301], [0.592982831822321, 0.736468500188025, 0.3255541573913348]], "fy": 908.1492512577018, "fx": 908.149251257702}, {"id": 6, "img_name": "frame_color_1003", "width": 1274, "height": 716, "position": [-3.9132801982708747, -0.5336194335097812, -2.410163677320945], "rotation": [[0.5991634783998903, -0.7849654288512985, 0.15758299927352937], [0.5466704960599253, 0.25730754419040436, -0.7968338574886852], [0.5849397361176099, 0.5635797221431941, 0.5832867235756876]], "fy": 912.9484649187918, "fx": 912.948464918792}, {"id": 7, "img_name": "frame_color_1004", "width": 1281, "height": 719, "position": [-3.913749371123224, -0.5589776218055839, -2.3686086999688114], "rotation": [[0.6021610463353964, -0.7960327420475501, -0.0611060378728584], [0.5513656356871897, 0.4699930790232233, -0.6892767524394912], [0.5774062781608129, 0.3813638410475338, 0.7219166230818828]], "fy": 906.7058113882597, "fx": 906.7058113882597}, {"id": 8, "img_name": "frame_color_1005", "width": 1282, "height": 719, "position": [-3.924198354345003, -0.540594072402116, -2.3617480819015704], "rotation": [[0.6075544720499783, -0.7310340463145113, -0.3105910279146927], [0.5537936355134304, 0.6701886108116801, -0.4941253233777116], [0.5693770040639945, 0.1282047154645392, 0.8120180898082053]], "fy": 910.2175729715041, "fx": 910.217572971504}, {"id": 9, "img_name": "frame_color_1006", "width": 1258, "height": 707, "position": [-3.960752809650339, -0.5024912737295469, -2.3743855075484204], "rotation": [[0.6123770219493032, -0.6102978862767591, -0.5025244998949033], [0.559394430277139, 0.7836730179822619, -0.2700638299763384], [0.558634276037031, -0.1157285223818806, 0.8213005873271298]], "fy": 910.9296271016175, "fx": 910.9296271016176}, {"id": 10, "img_name": "frame_color_1007", "width": 1258, "height": 707, "position": [-3.942167639100715, -0.49546012330912814, -2.3953839341836747], "rotation": [[0.6189114955906772, -0.42240309230447154, -0.66221158872171], [0.5576563201597584, 0.8300308759399098, -0.00825672891060681], [0.5531437328684004, -0.36417629329494583, 0.7492714048930238]], "fy": 923.5631757423348, "fx": 923.5631757423348}, {"id": 11, "img_name": "frame_color_1008", "width": 1286, "height": 720, "position": [-3.968515579973871, -0.4640232315997342, -2.3823391532920697], "rotation": [[0.6260659820575657, -0.17699132501487225, -0.7594178408358442], [0.5498258197537391, 0.7907867680866503, 0.26897556645762305], [0.5529312380779589, -0.5859439890369643, 0.5923990949258997]], "fy": 921.4217115928487, "fx": 921.4217115928486}, {"id": 12, "img_name": "frame_color_1009", "width": 1284, "height": 720, "position": [-3.966423494101392, -0.4542880223888399, -2.357959054774301], "rotation": [[0.8666437914319657, 0.17983191765793755, -0.4653912549284702], [-0.04642573389373272, 0.9578029211551126, 0.2836515740466841], [0.49676270995804006, -0.22421874501968383, 0.8384227837892657]], "fy": 921.0407713384444, "fx": 921.0407713384444}, {"id": 13, "img_name": "frame_color_101", "width": 1280, "height": 719, "position": [1.7420350663301853, -0.41046100812213643, 4.562520270413551], "rotation": [[-0.943852356579628, -0.30359818654527587, -0.13027229216338404], [-0.28489803538599506, 0.9476341727071497, -0.14430032623260558], [0.1672597931730233, -0.09908388286727547, -0.9809212739785294]], "fy": 910.3168921538728, "fx": 910.3168921538728}, {"id": 14, "img_name": "frame_color_1010", "width": 1274, "height": 716, "position": [-3.9718288482935855, -0.4790170514605264, -2.3287555235140918], "rotation": [[0.8610507301466529, 0.05405943141474668, -0.5056374372898332], [-0.04703181417255081, 0.9985373832539065, 0.02666650895936284], [0.5063394598187609, 0.0008198289793786256, 0.8623338560620766]], "fy": 904.9805462362032, "fx": 904.9805462362032}, {"id": 15, "img_name": "frame_color_1011", "width": 1265, "height": 711, "position": [-3.974159533277003, -0.5019971343513252, -2.359536903024169], "rotation": [[0.8594234396876671, -0.10490834708328209, -0.500385441462551], [-0.04806663275388297, 0.957806916857584, -0.28336462170756704], [0.5089999510128874, 0.26758204112388195, 0.8181191240503154]], "fy": 905.9268493194916, "fx": 905.9268493194917}, {"id": 16, "img_name": "frame_color_1012", "width": 1276, "height": 717, "position": [-3.9554335958446907, -0.5454024074455325, -2.3600063269535987], "rotation": [[0.8506666182675782, -0.2788153437822101, -0.445677359349575], [-0.05557712947895883, 0.7953225263678386, -0.60363338354564], [0.5227594927345474, 0.5382602373605974, 0.6610585674752518]], "fy": 899.8828194799127, "fx": 899.8828194799127}, {"id": 17, "img_name": "frame_color_1013", "width": 1281, "height": 719, "position": [-3.9577961389285616, -0.538956514807163, -2.3920515995160083], "rotation": [[0.8486118703729043, -0.39068063058280666, -0.35668829298089044], [-0.059649888610213475, 0.5992839412490503, -0.7983111226519357], [0.5256422588139106, 0.6987327118780295, 0.48525541017136986]], "fy": 910.2619625272514, "fx": 910.2619625272514}, {"id": 18, "img_name": "frame_color_1014", "width": 1270, "height": 714, "position": [-3.9416879832907736, -0.5361387664439521, -2.421122604782521], "rotation": [[0.8446802716407452, -0.48306686365697427, -0.2305680895907566], [-0.07029300198290912, 0.32691275422940563, -0.9424367060945659], [0.5306355930138381, 0.8122650160869658, 0.24218053404040107]], "fy": 907.180108239234, "fx": 907.180108239234}, {"id": 19, "img_name": "frame_color_1015", "width": 1279, "height": 719, "position": [-3.9395699363009924, -0.5746259626073617, -2.4364643516890063], "rotation": [[0.8411736295584309, -0.5340274315820145, -0.08509775116542283], [-0.08416395297786193, 0.026159879301998947, -0.9961084728753414], [0.5341753962460605, 0.8450623426900652, -0.022940859019284093]], "fy": 894.0345859084239, "fx": 894.034585908424}, {"id": 20, "img_name": "frame_color_1016", "width": 1261, "height": 709, "position": [-3.9292813057657816, -0.5576241259919684, -2.4314623991558766], "rotation": [[0.9835358659438125, -0.16295426411710096, -0.0781223924890231], [-0.07376098040792388, 0.03265478251544061, -0.9967411815251391], [0.16497429548695378, 0.9860930853549895, 0.020097483515601606]], "fy": 897.5439892320892, "fx": 897.5439892320892}, {"id": 21, "img_name": "frame_color_1017", "width": 1280, "height": 719, "position": [-3.937274247758066, -0.5802748183991686, -2.3907942591537297], "rotation": [[0.984878020293491, -0.13176559303119034, -0.11248605974036417], [-0.059926904662741316, 0.350096573911752, -0.9347947127753748], [0.16255476381920272, 0.9273997074769819, 0.3369061164943304]], "fy": 893.9483672857679, "fx": 893.9483672857676}, {"id": 22, "img_name": "frame_color_1018", "width": 1285, "height": 720, "position": [-3.929859827593805, -0.5432769170575039, -2.377728403475239], "rotation": [[0.9862695581253186, -0.09456559050510464, -0.1353872512746664], [-0.04885713021304867, 0.6160336923147846, -0.7862031994086255], [0.1577508781041614, 0.7820229146421699, 0.6029550741406292]], "fy": 909.4753385980528, "fx": 909.4753385980528}, {"id": 23, "img_name": "frame_color_1019", "width": 1287, "height": 720, "position": [-3.934442886656449, -0.5222508204560717, -2.363600333761966], "rotation": [[0.9879297664909762, -0.05512466822315137, -0.1447620372693503], [-0.03912801180699572, 0.8154247435877059, -0.5775391642451234], [0.14987920193648244, 0.5762323823755581, 0.8034254578544744]], "fy": 916.4930031381325, "fx": 916.4930031381325}, {"id": 24, "img_name": "frame_color_102", "width": 1280, "height": 719, "position": [1.7549545430853613, -0.435851076899741, 4.5709622416785995], "rotation": [[-0.9433752383709325, -0.33134526880588555, -0.015920818714539885], [-0.2920692879683223, 0.8523926773411399, -0.4337306245135117], [0.15728537965832376, -0.4045207491033792, -0.9009019219041423]], "fy": 907.5081044323475, "fx": 907.5081044323474}, {"id": 25, "img_name": "frame_color_1020", "width": 1279, "height": 719, "position": [-3.9365385296432596, -0.5027504051086713, -2.3560124495923938], "rotation": [[0.989666728642078, -0.010934107042055835, -0.142969267753879], [-0.032334821233748666, 0.954386027118605, -0.2968194241901075], [0.13969332680793664, 0.29837519425039066, 0.944170544923624]], "fy": 916.4818710806452, "fx": 916.4818710806451}, {"id": 26, "img_name": "frame_color_1021", "width": 1283, "height": 719, "position": [-3.928087019539575, -0.4680965777112894, -2.3431952438875943], "rotation": [[0.9913137647233438, 0.03532083771314935, -0.1266864566292396], [-0.026077766194157907, 0.9969253085500408, 0.07389099595166175], [0.12890682674068768, -0.06994546158005553, 0.9891868693143876]], "fy": 920.0288299481896, "fx": 920.0288299481894}, {"id": 27, "img_name": "frame_color_1022", "width": 1275, "height": 717, "position": [-3.9303280409044805, -0.4598167036202639, -2.3471866185496526], "rotation": [[0.9924494667920873, 0.06914834550033083, -0.10130430483779142], [-0.02733702649096777, 0.9298616423745463, 0.36689237253334056], [0.11956898781345195, -0.36135278102579804, 0.9247310013177823]], "fy": 920.0706292939273, "fx": 920.0706292939274}, {"id": 28, "img_name": "frame_color_1023", "width": 1269, "height": 713, "position": [-3.903174094368404, -0.4622916545991915, -2.354365255908262], "rotation": [[0.984360834037704, -0.10882102185003566, 0.13853423265066891], [0.04845525820440056, 0.9233135912362722, 0.38097782112706097], [-0.16936893565509725, -0.3683069337412644, 0.9141466874594948]], "fy": 917.2565888155227, "fx": 917.2565888155227}, {"id": 29, "img_name": "frame_color_1024", "width": 1277, "height": 717, "position": [-3.906731158518918, -0.48198268799803573, -2.3522399181850577], "rotation": [[0.9862279191366331, -0.06128901509655304, 0.15361688756097402], [0.04626595457106163, 0.9939580784070279, 0.09953290821148912], [-0.15878902028495204, -0.09105490100979054, 0.983104802164572]], "fy": 918.4002072195127, "fx": 918.4002072195128}, {"id": 30, "img_name": "frame_color_1025", "width": 1282, "height": 719, "position": [-3.907255539567515, -0.5063148897381974, -2.335515140506245], "rotation": [[0.9877851698212773, -0.012783253693264761, 0.15529664100090557], [0.04415606977287671, 0.9787399681571312, -0.20029557217769647], [-0.14943460035535064, 0.2047062850935252, 0.9673492838989676]], "fy": 915.0389470156086, "fx": 915.0389470156089}, {"id": 31, "img_name": "frame_color_1026", "width": 1281, "height": 719, "position": [-3.9140489317375233, -0.5377642180277467, -2.3502253848343777], "rotation": [[0.9892337552947004, 0.04414214137387434, 0.13952794967487384], [0.03792828130129931, 0.8435137322014261, -0.5357667674139097], [-0.14134363396727403, 0.5352906266156262, 0.8327580213929947]], "fy": 913.1212169326755, "fx": 913.1212169326752}, {"id": 32, "img_name": "frame_color_1027", "width": 1269, "height": 713, "position": [-3.905844463300959, -0.5718878446069268, -2.3404331880061684], "rotation": [[0.9906653378285148, 0.08402289540636439, 0.10734217005746428], [0.026532690014668986, 0.6535352109792302, -0.756430925049286], [-0.13370940425302896, 0.7522179744315233, 0.6452053271296169]], "fy": 896.1315849454394, "fx": 896.1315849454393}, {"id": 33, "img_name": "frame_color_1028", "width": 1249, "height": 702, "position": [-3.9240946918622686, -0.5661242230150622, -2.3908484308048714], "rotation": [[0.9914888733416714, 0.1156992409397879, 0.05969505578873515], [0.016741865267590667, 0.34140340757569976, -0.9397677496291637], [-0.12911051075348257, 0.9327686738638136, 0.33656065882886155]], "fy": 894.7714666958256, "fx": 894.7714666958253}, {"id": 34, "img_name": "frame_color_1029", "width": 1270, "height": 714, "position": [-3.9241952556041113, -0.5775038749454566, -2.418391625418142], "rotation": [[0.9918764400833411, 0.12671290380405947, 0.011178891588235111], [0.0032072427236417116, 0.06294134259981994, -0.9980120745691627], [-0.12716462244551346, 0.9899405171025558, 0.06202363579325826]], "fy": 894.3523155835531, "fx": 894.352315583553}, {"id": 35, "img_name": "frame_color_103", "width": 1279, "height": 719, "position": [1.767979423628678, -0.4536573849537672, 4.569658073699712], "rotation": [[-0.9417313081613637, -0.3247253789551839, 0.08772440647332948], [-0.30058419632822264, 0.6953757574592196, -0.652764656561408], [0.15096782487140178, -0.6410974841632345, -0.7524644387963918]], "fy": 901.602179454756, "fx": 901.602179454756}, {"id": 36, "img_name": "frame_color_1030", "width": 1280, "height": 719, "position": [-3.920198457815305, -0.5925107663199932, -2.410278714528543], "rotation": [[0.8992839724737645, 0.4220244198555128, 0.11482040714708945], [0.06580282793118447, 0.12898512408858726, -0.9894608762351901], [-0.43238677672665304, 0.897361814882642, 0.08822385449789595]], "fy": 893.4102164594491, "fx": 893.4102164594491}, {"id": 37, "img_name": "frame_color_1031", "width": 1275, "height": 717, "position": [-3.9058279853298643, -0.5703034097232472, -2.367252610866471], "rotation": [[0.8960363585682644, 0.36139659087788073, 0.25789794149153367], [0.08140514552047026, 0.43729758610984726, -0.8956249345933216], [-0.4364539453441976, 0.823506724492488, 0.3624149945975439]], "fy": 897.3806118251302, "fx": 897.3806118251304}, {"id": 38, "img_name": "frame_color_1032", "width": 1282, "height": 719, "position": [-3.89181269654754, -0.5416200880283029, -2.3619045906633804], "rotation": [[0.8928437334364968, 0.2595416231729656, 0.36806006779318], [0.09003380736472465, 0.6978862260693165, -0.7105270782976104], [-0.44127540288870576, 0.6675274985373033, 0.5997358230937527]], "fy": 906.8793391442481, "fx": 906.8793391442482}, {"id": 39, "img_name": "frame_color_1033", "width": 1280, "height": 719, "position": [-3.876033093000507, -0.5251041614686943, -2.3440150367192443], "rotation": [[0.8872033976827515, 0.12405404358678468, 0.4443880347286025], [0.09987802596718887, 0.8886950136858223, -0.44748804741451337], [-0.45043813234347624, 0.44139751576070785, 0.776062962659085]], "fy": 908.2850173829046, "fx": 908.2850173829045}, {"id": 40, "img_name": "frame_color_1034", "width": 1273, "height": 715, "position": [-3.872484655445831, -0.5005498843545646, -2.345315276989424], "rotation": [[0.8787224034216139, -0.03142380479196625, 0.4762976823556237], [0.10723958889750825, 0.985318840320127, -0.13283995439359922], [-0.4651307432303691, 0.16780741164381413, 0.8691916154101855]], "fy": 910.8820180035601, "fx": 910.8820180035602}, {"id": 41, "img_name": "frame_color_1035", "width": 1268, "height": 712, "position": [-3.8779549196467045, -0.4754075062622911, -2.3514455879549776], "rotation": [[0.8715556750035659, -0.17369926464959967, 0.45849675116544386], [0.10998974932909113, 0.9805745071021572, 0.16240656102474796], [-0.47780012600626454, -0.09111641719004217, 0.8737304150061664]], "fy": 914.3394851829928, "fx": 914.3394851829929}, {"id": 42, "img_name": "frame_color_1036", "width": 1274, "height": 716, "position": [-3.8791307914535498, -0.4551810312933157, -2.3624185028370466], "rotation": [[0.8652970664227666, -0.3125614893224774, 0.39187536568744535], [0.11089851145417103, 0.8817802910970224, 0.458437605776511], [-0.48883791485256467, -0.35322632068599513, 0.7976645030194282]], "fy": 920.0680501416999, "fx": 920.0680501417}, {"id": 43, "img_name": "frame_color_1037", "width": 1272, "height": 715, "position": [-3.8709041287916723, -0.4651824747736203, -2.3759545350613513], "rotation": [[0.7096966095849276, -0.3890034669236061, 0.5873729863256172], [0.10796378576315631, 0.8839402878903024, 0.45496526066074156], [-0.6961857103584832, -0.25947229171112685, 0.669327712355338]], "fy": 920.9023750477146, "fx": 920.9023750477146}, {"id": 44, "img_name": "frame_color_1038", "width": 1267, "height": 712, "position": [-3.8580215663584236, -0.4681547725985001, -2.363547004991611], "rotation": [[0.7147832219144563, -0.24517123849343495, 0.6549626015927812], [0.10850175352845962, 0.9640728539670408, 0.24246835200721406], [-0.6908779307163012, -0.10224771909162632, 0.7157046100101084]], "fy": 914.7080242697114, "fx": 914.7080242697116}, {"id": 45, "img_name": "frame_color_1039", "width": 1266, "height": 711, "position": [-3.8446135471660816, -0.49338653567507135, -2.354191018625992], "rotation": [[0.7228089662121244, -0.03334820753541131, 0.6902427800546233], [0.10630502194983987, 0.9923116619985025, -0.06337829099947126], [-0.68282240785698, 0.11918667088204427, 0.7207968485034124]], "fy": 909.1441812707321, "fx": 909.1441812707321}, {"id": 46, "img_name": "frame_color_104", "width": 1276, "height": 717, "position": [1.783150474676659, -0.47492596759693184, 4.604896310325592], "rotation": [[-0.938666539321883, -0.2649443245865759, 0.22070258908051266], [-0.3142807063110799, 0.393964149992373, -0.8637244272112462], [0.1418899770881907, -0.8801117845990643, -0.45306785475440886]], "fy": 896.3456328682782, "fx": 896.3456328682782}, {"id": 47, "img_name": "frame_color_1040", "width": 1267, "height": 712, "position": [-3.8498020386199943, -0.5157121360877956, -2.3590165123164732], "rotation": [[0.7291188604229181, 0.19151868762674562, 0.6570435903844692], [0.09940913171108776, 0.9202281755197356, -0.3785471298425948], [-0.6771288739287618, 0.3413219847436547, 0.651917012220589]], "fy": 906.0274061678281, "fx": 906.0274061678281}, {"id": 48, "img_name": "frame_color_1041", "width": 1280, "height": 719, "position": [-3.858187911760637, -0.5398001930447989, -2.3608590517876284], "rotation": [[0.7354543898749331, 0.38525248518306415, 0.5573933647559528], [0.09105524257810292, 0.7589745561963609, -0.6447220841925457], [-0.6714281668300286, 0.5249172751080021, 0.5231119106658318]], "fy": 903.9653314469119, "fx": 903.9653314469122}, {"id": 49, "img_name": "frame_color_1042", "width": 1280, "height": 719, "position": [-3.8867076457639933, -0.5447462371483727, -2.393704458828458], "rotation": [[0.7411927482572969, 0.5453816900000362, 0.39139765219466993], [0.07874495985792127, 0.5083888855531784, -0.8575196629483031], [-0.6666577391943856, 0.6664079480758777, 0.3338680959803266]], "fy": 908.3787416258498, "fx": 908.3787416258498}, {"id": 50, "img_name": "frame_color_1043", "width": 1280, "height": 719, "position": [-3.9129729226030614, -0.5963445581256701, -2.4043497789456127], "rotation": [[0.7421613958728409, 0.648116092269243, 0.17071026160639072], [0.06819147259972462, 0.18036503111428973, -0.9812330908687404], [-0.6667431181052845, 0.7398743045225905, 0.08966397251101099]], "fy": 892.4665588976948, "fx": 892.4665588976948}, {"id": 51, "img_name": "frame_color_1044", "width": 1281, "height": 719, "position": [-3.9002406164972916, -0.538775468540537, -2.4167867683966846], "rotation": [[0.5114278459582313, 0.8204113995809362, 0.255669110015608], [0.039536086940284945, 0.27474336441562164, -0.9607044194438968], [-0.8584162488023941, 0.5014391480002677, 0.10807555063376612]], "fy": 910.5363843704966, "fx": 910.5363843704964}, {"id": 52, "img_name": "frame_color_1045", "width": 1285, "height": 720, "position": [-3.861462854009821, -0.5533034793383882, -2.390898538579492], "rotation": [[0.5092431695238424, 0.6856315167860487, 0.5201738339084089], [0.055817799313969296, 0.5768305363466599, -0.8149545420560399], [-0.8588106703884483, 0.44404499268394687, 0.25547656820001513]], "fy": 904.2489225304812, "fx": 904.2489225304811}, {"id": 53, "img_name": "frame_color_1046", "width": 1284, "height": 719, "position": [-3.84207511554469, -0.5353484126677197, -2.3799896885823637], "rotation": [[0.5024058195342028, 0.500933082588917, 0.704737141965805], [0.06575219278819873, 0.7905764818920424, -0.6088230247146905], [-0.8621282048754172, 0.35221424310661603, 0.36425277666906525]], "fy": 907.0938508873771, "fx": 907.0938508873771}, {"id": 54, "img_name": "frame_color_1047", "width": 1280, "height": 719, "position": [-3.8270886383889255, -0.5134744622171766, -2.3780430033612516], "rotation": [[0.4956360468137334, 0.23386124597093455, 0.8364531228537417], [0.07520951950791409, 0.9478932504198103, -0.3095834523742436], [-0.8652678413498581, 0.21634995595444195, 0.45222147149849884]], "fy": 909.391516631411, "fx": 909.3915166314108}, {"id": 55, "img_name": "frame_color_1048", "width": 1274, "height": 716, "position": [-3.828887911622858, -0.4889588827357469, -2.3761033999139753], "rotation": [[0.4852608407574006, -0.0396429164253547, 0.8734702946321146], [0.08092855272094931, 0.9967198668427433, 0.0002763973171997969], [-0.8706161529525587, 0.07055456199479074, 0.48687736443565544]], "fy": 911.7316304808091, "fx": 911.7316304808091}, {"id": 56, "img_name": "frame_color_1049", "width": 1276, "height": 717, "position": [-3.8407147083783992, -0.46315131456586395, -2.380240184335083], "rotation": [[0.4772375746321097, -0.30872682995412604, 0.8227587993000971], [0.08316153452005269, 0.9479218047672827, 0.30745473036368753], [-0.8748305301802924, -0.07830706553826332, 0.47805809997452664]], "fy": 918.0682681374556, "fx": 918.0682681374556}, {"id": 57, "img_name": "frame_color_105", "width": 1288, "height": 720, "position": [1.7954211426443252, -0.49645611804706186, 4.630292036483876], "rotation": [[-0.935430161023755, -0.2049513770813427, 0.28803705817052816], [-0.32484743410315714, 0.1769541737194936, -0.9290647797435042], [0.1394437463770461, -0.9626433157902837, -0.23210620017703393]], "fy": 895.3130447135977, "fx": 895.3130447135977}, {"id": 58, "img_name": "frame_color_1050", "width": 1270, "height": 714, "position": [-3.839542153826198, -0.4364513118435417, -2.3779671199557564], "rotation": [[0.46409749475437195, -0.568770367199091, 0.6790535949090668], [0.08270922845233432, 0.7910893014630661, 0.6060832456350346], [-0.8819142242256531, -0.22511771699910527, 0.4141851211735827]], "fy": 915.275332018227, "fx": 915.2753320182269}, {"id": 59, "img_name": "frame_color_1051", "width": 1276, "height": 717, "position": [-3.83354923158341, -0.4417804625157189, -2.4105331113284167], "rotation": [[0.1257573108754552, -0.6363594425078428, 0.7610727683293376], [0.032230504639536375, 0.7693790261419566, 0.6379789249681647], [-0.991537338344883, -0.055700754608546586, 0.11726522333575079]], "fy": 920.5115264188887, "fx": 920.5115264188886}, {"id": 60, "img_name": "frame_color_1052", "width": 1279, "height": 719, "position": [-3.823210430850657, -0.4590381104247155, -2.4077244509530087], "rotation": [[0.13684461176271584, -0.386725510315102, 0.9119851599138197], [0.03320918368305385, 0.9219196261030644, 0.38595511801904], [-0.9900357076139308, -0.022529595591351342, 0.13900257181747894]], "fy": 918.1267369670528, "fx": 918.1267369670528}, {"id": 61, "img_name": "frame_color_1053", "width": 1276, "height": 717, "position": [-3.8197705148689503, -0.4783393942190861, -2.4085720598473466], "rotation": [[0.14697738310463307, -0.16040245321721266, 0.9760474895503877], [0.032371831572763896, 0.9870153344180382, 0.15733020734834297], [-0.9886099905303096, 0.008472462779375415, 0.15026145213631328]], "fy": 914.7348949257919, "fx": 914.7348949257917}, {"id": 62, "img_name": "frame_color_1054", "width": 1279, "height": 719, "position": [-3.81556936603508, -0.5079618380467851, -2.4066328372365344], "rotation": [[0.15945283731928434, 0.2275793448751685, 0.9606156538684028], [0.026035963975798923, 0.9717575786994561, -0.23454069331359348], [-0.9868621591948292, 0.06240873357439086, 0.1490242554853402]], "fy": 910.3838049128801, "fx": 910.3838049128799}, {"id": 63, "img_name": "frame_color_1055", "width": 1282, "height": 719, "position": [-3.8255427396481543, -0.527250300734387, -2.4078967142653958], "rotation": [[0.16676751003790974, 0.5153927662497578, 0.8405705765093006], [0.01771413606523872, 0.8508052101573116, -0.5251825432672294], [-0.9858371097596282, 0.10247336662077447, 0.1327569288368274]], "fy": 907.691478157313, "fx": 907.691478157313}, {"id": 64, "img_name": "frame_color_1056", "width": 1277, "height": 718, "position": [-3.842252804985864, -0.5466494915476184, -2.407821565262686], "rotation": [[0.17098947682416987, 0.7558452654237385, 0.6320289024656341], [0.006463219285156813, 0.6406017360230418, -0.7678461060660116], [-0.9852516559802719, 0.1353785453488956, 0.10465096199915383]], "fy": 902.4535847439056, "fx": 902.4535847439056}, {"id": 65, "img_name": "frame_color_1057", "width": 1286, "height": 720, "position": [-3.8570870266394834, -0.6083726568943257, -2.3886720845351492], "rotation": [[0.17031880534440813, 0.927014925870833, 0.3341179907738392], [-0.0028327452748095104, 0.33953138772713226, -0.9405904593936169], [-0.9853849400616296, 0.15925377220267525, 0.06045457748555278]], "fy": 887.0304188643076, "fx": 887.0304188643076}, {"id": 66, "img_name": "frame_color_1058", "width": 1272, "height": 715, "position": [-3.8621854230818258, -0.5438314878813797, -2.4232435475971874], "rotation": [[-0.14049811721066288, 0.9110575373790742, 0.3876008806040512], [-0.004176053954009956, 0.39093524266923074, -0.9204087117213325], [-0.9900721386008354, -0.13093433325116324, -0.05112104011501812]], "fy": 902.3160583105698, "fx": 902.3160583105698}, {"id": 67, "img_name": "frame_color_1059", "width": 1284, "height": 719, "position": [-3.8324632776693184, -0.543168790512131, -2.4234391323827933], "rotation": [[-0.13803600847933317, 0.7280489743960618, 0.6714839918002037], [0.0115875093483173, 0.6791148222398172, -0.7339405887681129], [-0.9903594246485444, -0.0935294023022917, -0.10217857365798345]], "fy": 903.7076427425252, "fx": 903.7076427425252}, {"id": 68, "img_name": "frame_color_106", "width": 1290, "height": 721, "position": [1.7675671817506071, -0.48405163990379346, 4.642215327607857], "rotation": [[-0.8222800050678039, -0.5537259614738645, 0.13131318614494328], [-0.23392591577379304, 0.11853362252924003, -0.9650017856250256], [0.5187815139295969, -0.8242192304963163, -0.22699868035954646]], "fy": 903.9275145439724, "fx": 903.9275145439724}, {"id": 69, "img_name": "frame_color_1060", "width": 1280, "height": 719, "position": [-3.8142566494947046, -0.52290903576674, -2.4278427889792464], "rotation": [[-0.1469252684095103, 0.41461141577928695, 0.8980592070728344], [0.023163152632345908, 0.9091054275187644, -0.4159216152306286], [-0.9888763491270905, -0.04030751246876561, -0.14317426645754577]], "fy": 907.1238867014179, "fx": 907.1238867014179}, {"id": 70, "img_name": "frame_color_1061", "width": 1279, "height": 719, "position": [-3.8034828825469487, -0.5074979941054896, -2.430920777373806], "rotation": [[-0.15364387468291874, 0.19471672567734083, 0.9687512356192969], [0.028184607755722943, 0.9808568222744974, -0.19267984347936132], [-0.9877242467703601, -0.002300204136665591, -0.15619065722012335]], "fy": 909.4235098976891, "fx": 909.4235098976891}, {"id": 71, "img_name": "frame_color_1062", "width": 1276, "height": 717, "position": [-3.8081515529947727, -0.47982538133746766, -2.432123657278302], "rotation": [[-0.16545900048178125, -0.13874432624035996, 0.9764083833599947], [0.03227133463427199, 0.9887627504704077, 0.14596843577676838], [-0.9856885309875998, 0.0556617931646321, -0.1591222318257414]], "fy": 912.800594772143, "fx": 912.8005947721429}, {"id": 72, "img_name": "frame_color_1063", "width": 1267, "height": 712, "position": [-3.809632724381312, -0.45157555371705566, -2.4340666233968813], "rotation": [[-0.17590405244559115, -0.4084207139329866, 0.8956842550607259], [0.03398127250906318, 0.9068100696931722, 0.42016755065298517], [-0.9838206327638606, 0.1043456656192942, -0.14563291047899493]], "fy": 911.1051435708483, "fx": 911.1051435708483}, {"id": 73, "img_name": "frame_color_1064", "width": 1273, "height": 715, "position": [-3.8283292466256174, -0.4328022787424741, -2.4322016524690384], "rotation": [[-0.18861415099092338, -0.6678737313931457, 0.7199787364644662], [0.0323943918406589, 0.7285073852295211, 0.6842715784272498], [-0.9815168390930677, 0.1523865761182472, -0.11577143860085107]], "fy": 917.8220776182087, "fx": 917.8220776182089}, {"id": 74, "img_name": "frame_color_1065", "width": 1270, "height": 714, "position": [-3.833165371972406, -0.42301319165386186, -2.457635948736857], "rotation": [[-0.4821732700524042, -0.6382411571280442, 0.6001309548713731], [-0.030610139115213635, 0.6968769371656951, 0.7165371964035828], [-0.8755409510869939, 0.32712499108813886, -0.35555208222603124]], "fy": 915.4938176873135, "fx": 915.4938176873136}, {"id": 75, "img_name": "frame_color_1066", "width": 1275, "height": 717, "position": [-3.821094650176342, -0.4516581160545163, -2.462283141535749], "rotation": [[-0.471050019861577, -0.3813764311351841, 0.795401720241412], [-0.02877745464696485, 0.9078711834665832, 0.4182604121059357], [-0.8816369643410203, 0.17413193849944747, -0.43862778195410157]], "fy": 915.716043338973, "fx": 915.716043338973}, {"id": 76, "img_name": "frame_color_1067", "width": 1270, "height": 714, "position": [-3.820847666376572, -0.47131889945793065, -2.4623871255987866], "rotation": [[-0.4627915455906413, -0.18458062759927713, 0.8670374716498029], [-0.03070948819134014, 0.9808330833381544, 0.19241463032834857], [-0.8859350499132833, 0.06242158716682928, -0.4595896352081089]], "fy": 912.7215239107813, "fx": 912.7215239107813}, {"id": 77, "img_name": "frame_color_1068", "width": 1283, "height": 719, "position": [-3.8072565170411656, -0.4967799692608509, -2.463026261996953], "rotation": [[-0.45517838002171573, 0.09611584485640907, 0.8851973716230437], [-0.034601831674884495, 0.991496278172284, -0.12545056243497485], [-0.8897276862082852, -0.08773183423391571, -0.44798188541101]], "fy": 911.0150901681086, "fx": 911.0150901681087}, {"id": 78, "img_name": "frame_color_1069", "width": 1279, "height": 719, "position": [-3.8018595272880265, -0.5137734842335482, -2.464381676568143], "rotation": [[-0.4578045940180957, 0.263881957476373, 0.8489883781385723], [-0.03981096015453011, 0.9478932345601627, -0.3160909731812139], [-0.8881610446014281, -0.17850694214374438, -0.42344448332572354]], "fy": 903.8787892672427, "fx": 903.8787892672427}, {"id": 79, "img_name": "frame_color_107", "width": 1281, "height": 719, "position": [1.750443009188929, -0.4861016179866894, 4.5978565255375905], "rotation": [[-0.8231865127882808, -0.5671315545189141, -0.02694002658554519], [-0.22055087900219492, 0.36312953272280224, -0.905259218255124], [0.5231837869571544, -0.7392555325010961, -0.42400469659154927]], "fy": 895.4787993699906, "fx": 895.4787993699906}, {"id": 80, "img_name": "frame_color_1070", "width": 1279, "height": 719, "position": [-3.829588679417987, -0.5438499224910239, -2.447592391471847], "rotation": [[-0.4567187973650261, 0.5997326803951504, 0.65706061531604], [-0.05378224399883566, 0.7186278649016329, -0.6933119514456463], [-0.8879839020860086, -0.3519867949980073, -0.29595588485978247]], "fy": 900.4350100997611, "fx": 900.4350100997611}, {"id": 81, "img_name": "frame_color_1071", "width": 1275, "height": 717, "position": [-3.8463328044107685, -0.5619117178091864, -2.436004294047542], "rotation": [[-0.4561643765298089, 0.7831562128053206, 0.422587751750566], [-0.06799501272789785, 0.44281133123017047, -0.8940328870787121], [-0.8872940548822039, -0.43655981409033934, -0.14874403817331538]], "fy": 894.529274651987, "fx": 894.5292746519871}, {"id": 82, "img_name": "frame_color_1072", "width": 1280, "height": 719, "position": [-3.8547338525689048, -0.5485422206674039, -2.4354659372570584], "rotation": [[-0.6366790392230675, 0.6447732783456745, 0.4229742551803395], [-0.12619407982010925, 0.45399942545027294, -0.8820201675183952], [-0.7607331038099678, -0.61494059975106, -0.20768534745007694]], "fy": 900.9623918454774, "fx": 900.9623918454774}, {"id": 83, "img_name": "frame_color_1073", "width": 1279, "height": 719, "position": [-3.8437023099119028, -0.5343634389775728, -2.4526847705892445], "rotation": [[-0.6324691595752472, 0.4829191102986118, 0.6056169541010037], [-0.1133359069349985, 0.7157490908139881, -0.6890995655187795], [-0.7662491333668192, -0.5044723698155792, -0.39795715059193454]], "fy": 906.2099998668465, "fx": 906.2099998668465}, {"id": 84, "img_name": "frame_color_1074", "width": 1280, "height": 719, "position": [-3.8303547508329436, -0.5107759839812991, -2.4647451860537073], "rotation": [[-0.635007899264337, 0.2624412652588593, 0.7265600802144461], [-0.1023156936758101, 0.9036654765653005, -0.4158367531756253], [-0.7656999847848577, -0.3383981216752498, -0.5469828558073201]], "fy": 910.651664028525, "fx": 910.6516640285251}, {"id": 85, "img_name": "frame_color_1075", "width": 1274, "height": 716, "position": [-3.8209792106949694, -0.48675131242530917, -2.4886664936377505], "rotation": [[-0.6374381876981405, 0.0012995077885503588, 0.7705004011313797], [-0.09670349302108461, 0.9919563653598944, -0.08167621232347244], [-0.7644089162886777, -0.1265736169250741, -0.6321852008682847]], "fy": 907.4177973560245, "fx": 907.4177973560247}, {"id": 86, "img_name": "frame_color_1076", "width": 1273, "height": 715, "position": [-3.816566005264045, -0.4636326731835383, -2.4844126539568934], "rotation": [[-0.6460743309776558, -0.21706000367654169, 0.7317601476274268], [-0.09378293140966354, 0.9740221980317192, 0.20612015796051697], [-0.7574910696688008, 0.0645423314220816, -0.6496472633873072]], "fy": 908.7757458411896, "fx": 908.7757458411896}, {"id": 87, "img_name": "frame_color_1077", "width": 1273, "height": 715, "position": [-3.835131756979507, -0.44867512220031924, -2.4738682453458507], "rotation": [[-0.6545282614190925, -0.4282884791982121, 0.623026270384951], [-0.09250830779854655, 0.8632447026077912, 0.4962366334802736], [-0.7503565605710053, 0.26716579497695553, -0.6046382968373586]], "fy": 915.8409409087926, "fx": 915.8409409087927}, {"id": 88, "img_name": "frame_color_1078", "width": 1274, "height": 716, "position": [-3.8458470036636516, -0.416481430370965, -2.482193594860914], "rotation": [[-0.6619481624312039, -0.5944820862826186, 0.45652566120976956], [-0.09436955765056643, 0.6703189695179073, 0.7360481408802602], [-0.7435852451755537, 0.44414358961209377, -0.499817421628833]], "fy": 917.0972379979705, "fx": 917.0972379979703}, {"id": 89, "img_name": "frame_color_1079", "width": 1270, "height": 714, "position": [-4.68937387974909, -0.6399506146447309, -1.5530047105206322], "rotation": [[-0.6206013162207569, -0.5650184917066052, 0.5436985472986443], [-0.044454826168183505, 0.7176187445178674, 0.6950159033770064], [-0.7828651063468213, 0.4071577600220736, -0.4704729362231019]], "fy": 919.522892903115, "fx": 919.5228929031152}, {"id": 90, "img_name": "frame_color_108", "width": 1277, "height": 718, "position": [1.7125930073803157, -0.46216852012973747, 4.568439335078069], "rotation": [[-0.821294046209945, -0.4935203727374558, -0.28620575003514415], [-0.20537228023506657, 0.7237945493849492, -0.6587440146154556], [0.5322577535096562, -0.4822438096790057, -0.69580355838062]], "fy": 899.4779577260595, "fx": 899.4779577260595}, {"id": 91, "img_name": "frame_color_1080", "width": 1270, "height": 714, "position": [-4.665485554493589, -0.6553270648956343, -1.5631941869449297], "rotation": [[-0.6148282230043312, -0.3615704605558841, 0.7008944701242427], [-0.043675315622325725, 0.9029605933818534, 0.42749810947509664], [-0.7874507749711261, 0.23222611578566552, -0.5709573610563892]], "fy": 914.1492405331761, "fx": 914.1492405331762}, {"id": 92, "img_name": "frame_color_1081", "width": 1271, "height": 715, "position": [-4.646927226371335, -0.6787978452535147, -1.571580433592627], "rotation": [[-0.6143093018313474, -0.12451680791741504, 0.77917882814508], [-0.047368218073770355, 0.9915091225316365, 0.12110289778968941], [-0.7876422624516782, 0.037486323940896134, -0.6149914161331033]], "fy": 908.1183594862167, "fx": 908.1183594862167}, {"id": 93, "img_name": "frame_color_1082", "width": 1278, "height": 718, "position": [-4.656174642615877, -0.7015093405647199, -1.5671080738377898], "rotation": [[-0.6155410795958135, 0.06880349672778908, 0.785095700006088], [-0.052906681511379866, 0.9903270662585271, -0.12826996876600558], [-0.7863269436954794, -0.12049224321012433, -0.6059468268294821]], "fy": 909.1525058327783, "fx": 909.1525058327782}, {"id": 94, "img_name": "frame_color_1083", "width": 1279, "height": 719, "position": [-4.664003511930747, -0.7237134909956565, -1.5598444081679241], "rotation": [[-0.608550026835046, 0.29962804341150306, 0.7347720057544782], [-0.05787029620949416, 0.906746775822431, -0.41768566333099305], [-0.7914024852473551, -0.29670409524814567, -0.5344612111344369]], "fy": 905.5136365196357, "fx": 905.5136365196356}, {"id": 95, "img_name": "frame_color_1084", "width": 1272, "height": 715, "position": [-4.634520879617221, -0.771977764675936, -1.557089887598649], "rotation": [[-0.6040040959137094, 0.5327905940036706, 0.5927168253564922], [-0.06622548349105596, 0.7075778180943817, -0.7035252779233808], [-0.7942249287549707, -0.46418510777706984, -0.39209558561931207]], "fy": 886.9105532888823, "fx": 886.9105532888823}, {"id": 96, "img_name": "frame_color_1085", "width": 1281, "height": 719, "position": [-4.682966816791915, -0.7567071232333222, -1.524808533102061], "rotation": [[-0.5996246925026415, 0.6962577001206499, 0.3945572748839074], [-0.07908159045874012, 0.43905886546758915, -0.8949711809353581], [-0.7963644455848266, -0.5678490359919759, -0.20820937090187588]], "fy": 899.0423056690539, "fx": 899.0423056690539}, {"id": 97, "img_name": "frame_color_1086", "width": 1286, "height": 720, "position": [-4.684760164620968, -0.7614231518877855, -1.5207708636408848], "rotation": [[-0.4436274227620431, 0.8072531867157412, 0.38927753892407924], [-0.0038509598183075725, 0.43263806797313165, -0.9015594668400714], [-0.8962030349658416, -0.40145559490154886, -0.18882141149842693]], "fy": 899.5567347315338, "fx": 899.5567347315339}, {"id": 98, "img_name": "frame_color_1087", "width": 1279, "height": 719, "position": [-4.642318292200327, -0.7674433005706978, -1.5520353358375818], "rotatio